a_in[0],-2780,-1578,698,1264,2081,1819,1922,3227,593,-573,-940,-2934,1726,-1047,924,-230,2978,2851,-1355,-3250,2286,710,-1336,-2789,-1753,-318,-1044,1516,-2112,-2075,-2604,-490,-522,3130,2126,1891,1756,491,-3245,-147,1237,-2185,39,-434,1164,-1416,2522,-569,1795,-182,2993,-2528,927,1466,-98,2529,-1633,-2174,219,2989,-1534,2926,1498,2647,-763,2340,140,-767,2634,-2147,664,2279,-2046,-520,3262,630,-2192,1929,-561,-3200,2417,-358,1559,766,-1712,-524,-1626,276,-2545,362,-3032,-514,2090,1469,2112,337,180,-1853,2843,-1799,218,1149,577,-2553,2805,-2038,-3025,2253,2705,2673,2260,2071,218,764,3306,-1792,2869,2410,1047,-1858,970,-1745,2447,871,1435,1354,1823,-1082,1530,-2,2232,-2903,1296,3160,467,-2778,-1411,-3106,-1981,2168,1323,375,2216,-1266,829,-9,-1469,-3149,-1164,632,-2715,2299,-551,2129,-407,-1439,2032,-11,2862,-3139,-2495,1223,-223,1587,-3134,2021,-2956,2372,-2558,2503,-661,909,-1897,1806,-442,839,1033,-2155,3292,-1799,-2480,-1563,-2909,974,-2147,530,-3323,-1038,3289,-220,-50,1048,-666,2172,2115,-2045,1344,2658,-2944,-1672,-2964,3048,730,1153,-1217,2067,-368,-3007,-2295,-1964,1193,-2229,41,-2865,927,1629,-2279,-283,1737,-1346,381,554,-2493,-1154,87,-894,-399,-392,-1543,-3140,2631,2975,-2695,1639,1022,-1404,-1588,1528,-327,-424,832,2733,660,-139,-2429,-294,-2973,-2725,-2775,-1924,2636,1800,56,102,2289,-3236
a_in[1],-309,3050,2740,3173,-1027,-1195,-2604,592,2500,843,-2822,-1531,-1086,1471,419,-1052,-1901,225,2180,413,-1728,1140,-750,1127,-412,-410,1436,-2677,-3230,1783,-2694,-2869,1470,-1023,-2590,-2107,2553,-401,2653,1549,-2709,2772,-2543,-3164,-2801,1891,1771,-480,513,-1087,1611,-1512,3248,-2525,2134,-2492,1004,160,-472,-908,2021,1119,-54,2682,-2103,1787,1511,2741,1522,-2532,944,-2448,632,-2195,1620,-2885,2800,-843,685,2736,-2971,-759,935,2,-180,73,1524,-1759,549,-24,-493,-644,326,1406,3259,-2342,2726,1968,988,240,1756,-2525,-274,2829,-1991,-177,1127,-1158,-2211,-2112,248,1631,3314,-578,674,-378,1083,1190,362,-2624,994,793,635,-158,-260,-994,-2797,2706,107,-2820,172,-1815,2939,-2379,1003,-1556,1513,1021,2273,-1687,-2474,1654,-1335,1299,-1269,1967,-1,1234,-385,2865,107,-3180,243,1108,865,1619,2299,-1394,601,3242,2371,3141,1598,-1089,-260,1925,2969,-1499,-2252,2306,-882,2009,-3320,2125,-1281,1048,176,-3154,-1188,1089,-2058,-1021,2964,360,-902,1813,-1364,-2891,2699,-2458,1570,2354,707,-1986,253,2605,928,393,-381,-1004,-1287,635,2990,2415,-1738,-2597,1385,233,1757,-3083,2072,858,3027,-1195,-237,-100,101,883,2856,2743,1786,3009,1091,1379,464,2878,967,1039,-754,-3090,2651,2502,-2969,158,2214,-60,-1307,-1433,3027,1418,10,2900,-2999,4,2449,-2798,-2420,-1646,1423,2939,2383,1440,3185,-1540,-1750,-1645
a_in[2],-2144,1109,-1878,-2945,-664,646,-2208,987,3287,-2017,-358,-310,3191,-2628,-2533,1502,-1213,2178,1749,-374,1813,152,-1337,-2625,-1345,881,-1983,-1253,2994,-1435,1159,-3207,-250,-506,-81,2221,-2454,-1127,-3306,-3155,2038,2738,3044,-93,-1289,743,3064,-494,813,2682,-3005,2521,1476,1663,-2336,-1935,2665,2206,-1973,-1212,1148,50,-1139,-2804,-2412,1120,1779,3167,-911,1172,-3048,2458,-2231,-2976,1261,1948,-580,2851,484,1698,-1728,-2778,-3030,291,-2522,2791,-804,25,3001,2134,3235,-3054,1419,-3189,1841,-311,1877,1911,242,-1251,2292,1116,2,1260,-1205,-3104,-1580,-2928,-3003,2805,-2965,-534,-446,-2510,-1422,1901,-3061,-3005,-12,-2014,3315,2437,1878,-467,2704,-158,-3026,-2795,888,2164,-3123,2131,-327,-1381,-3266,-2023,-844,2104,1086,2333,-924,2720,953,-240,1078,-777,-1149,1365,1316,1622,2023,3244,-2196,-1732,-177,-2145,-2831,2573,593,-518,-2963,2861,606,-1123,-1104,-2351,-1079,-768,711,-2786,-3076,-1933,-1030,-1266,-1790,3316,-2513,410,206,-1577,-2030,1600,2209,-2452,-3146,601,1205,396,1580,-2777,-2892,-937,3093,3124,-2493,1408,-1903,1977,-3325,-1163,1364,2136,3012,2034,2276,-2354,1996,2481,185,-2120,-434,-2217,-979,360,-452,3183,-675,37,-577,-225,1207,1363,-2641,1967,1457,1197,769,-2036,2231,-596,-1918,-3270,-3249,732,-2493,707,-2221,2278,2135,3177,3044,-2047,-647,-2629,-1438,-2688,-1696,-1769,1899,-654,2083,-1874,3212,-31,-1003,452
b_in[0],-872,-61,836,2775,-1509,548,516,1665,-2084,849,-3243,-1594,-2381,2860,-379,3029,169,636,677,-1731,-3121,-369,2965,1679,1268,1839,3142,432,357,303,2918,1821,-2883,1053,1576,666,43,-472,-2316,-35,3239,2405,1081,-2306,-1810,-872,2925,1059,2449,1692,1820,2328,-3087,368,606,2417,-2664,1064,-326,123,91,-601,2288,3220,3249,1614,-23,-848,2028,-2746,-1641,2911,-446,1895,3271,3013,2935,-1406,1395,1040,-989,2556,-678,347,-3,566,-685,1578,2563,273,788,2255,-1406,785,-623,-2628,2149,-1923,455,-1491,1626,59,-742,-1428,-2328,2159,-616,2847,2144,-2237,1392,792,266,-2869,2323,-2086,1742,-233,278,-1254,-2945,-2573,-2027,610,-1664,-1594,3154,435,-815,2324,-2469,766,-2017,-339,-2007,2752,2942,-2442,-1611,-2875,2533,2228,-1348,87,-965,-989,-1537,-571,3280,538,-1386,2179,2539,-2012,3267,-2062,-2034,212,1569,2185,-1360,856,-2390,3161,-997,746,-2443,-3262,-3066,-1267,-1700,2257,-1072,2517,-3150,-937,1382,-3053,2667,-1746,-223,2649,2547,761,2818,-1795,1107,-895,-700,-2152,-232,2684,3141,-1614,285,-2940,-1581,-3025,-2202,-1252,3069,-1440,-1226,2724,-246,140,656,-1233,2460,1981,2646,-515,-3095,2893,2945,-1071,279,1338,3303,-170,1666,-1280,-882,-399,-1109,2733,-1625,355,-1513,-3059,2842,584,-1111,2999,-869,-2032,-1148,2428,168,-2783,-910,1522,-633,2339,-2236,-1437,3327,-2831,-402,-1238,-3291,-888,644,2164,89,2864
b_in[1],2863,3325,1820,-2797,-566,1317,-2966,-1920,971,-2229,400,2996,-500,-514,-2138,2642,140,359,-2534,1035,2784,-1957,2161,2250,-1193,-441,-1691,2034,-846,872,-1680,505,-1860,-2832,-694,-2617,819,2025,-2221,-2528,996,-2997,-2697,2070,802,2483,2023,552,2746,-2243,-1668,3326,1426,2876,-2698,-1709,-1774,771,370,2038,-2923,1246,2631,2737,-1252,-1576,-527,-3259,-3050,1322,2958,-2689,-247,318,2934,-2640,-1864,-2418,-439,3010,-2697,1523,2496,-2088,3323,-2897,198,341,1723,119,2387,56,-93,-940,2739,-3131,138,2373,-2278,1132,-1792,3050,2243,3204,2003,1075,-2056,2919,-748,-2197,3269,2290,134,1781,726,-2815,-2175,2285,1379,-3180,3059,-2809,784,-284,-1424,1441,2173,-736,2790,-2602,1783,2659,-2082,1249,1669,-2089,-2331,-995,2901,-1135,1673,-1542,2141,-2621,-2840,240,-1531,-2766,-1620,-2779,-81,-479,2913,-622,-158,2825,1577,2976,1426,-3129,1306,-1013,2732,1268,2686,2264,-820,-376,-2520,-1347,-3319,303,-1728,1979,-3299,-3291,1638,-2505,2858,1385,-1921,420,-198,337,1748,1640,-1231,-1496,2794,1846,89,114,-2290,3048,-462,-2456,3106,-1913,-992,-1447,-194,1826,-949,456,-3069,-763,2127,-2759,2569,-3295,2630,-615,2198,-2304,-1487,-3078,1854,3013,343,-170,2838,-1549,2217,1140,2250,556,2944,3152,-1810,1421,-1025,-2420,2573,792,-378,822,1546,121,2620,1276,1427,-3028,3246,2486,-49,546,-738,-1019,-508,1664,1587,-2711,1799,1871,2173,2049
b_in[2],1595,170,3225,1048,1716,-3270,-861,-469,865,-2642,2285,2030,-900,1758,-1847,-878,-2725,-2089,1140,-2259,-2573,-2156,1455,-2174,2105,-2571,-2823,10,2226,-10,-3084,-1644,-1345,-2280,2368,3267,-1956,-2410,2149,-2792,-139,1347,-2845,1871,-2988,1379,-2152,2512,-2922,3208,1505,1016,2188,759,-308,931,-519,-2987,1317,1629,-1916,1012,652,2561,-2883,904,2616,-145,-1438,-1816,716,3308,3218,2097,356,441,-525,3161,-2355,-2082,-491,2706,-385,2279,-2089,1755,-1095,2096,3230,-328,2397,923,-2042,1288,868,-1487,-397,-2318,-3126,-726,-2776,-189,-1331,2227,-1689,3174,1731,-3083,-1194,-3270,-1649,274,2184,-629,-2813,3275,-2760,-2932,-2752,1882,-282,605,1670,-3120,-643,1816,305,2149,-788,775,-3113,-835,2100,-1476,1202,-1849,-1937,1931,1411,1180,-1645,993,2931,-2991,1388,-473,1647,113,-1470,360,2422,1849,-831,3171,-751,2888,3070,-2840,687,3223,286,316,-375,1970,3037,-952,2762,2746,-221,2785,578,-617,840,1832,-29,1920,-1373,-967,-2042,-2556,-3223,-550,-1883,2394,1731,-1465,-3151,-2000,1717,2762,-877,-1867,-1439,-2095,3243,-2612,-983,-929,-681,-371,-155,-2311,-2609,2674,-2410,882,-3076,-2197,-1729,-1533,-2785,-2010,2680,-1842,590,2637,353,-2888,-1680,-1345,1113,-1983,-1999,1581,1032,266,127,482,1839,2691,2783,649,-2689,1689,1908,2268,3043,-3011,-1496,-770,-1421,-2093,2991,127,976,3197,1395,1163,351,1309,2024,3110,-3101,-2,248,-647
a_ntt[0],-3685,-2899,-327,-3741,-5860,-1980,-3364,-4008,-4415,-514,-2069,-2924,-6126,-244,-6594,2670,-1369,-376,-3679,2474,-6004,2275,-3108,435,-2357,-2338,-5791,-164,-4001,-608,-6819,86,-2895,-3343,-2767,-3115,-4746,-2102,-6788,584,-5618,492,-3548,-224,-4627,-1144,-4003,316,-9067,1766,-12021,2532,-6849,2512,-8439,4114,-6022,-915,-7382,-1601,-5964,1030,-5552,1034,-4612,-6157,-4846,-5287,-2940,-2169,-330,-5039,-2449,-4892,-1653,-1664,-4654,-2677,-5916,-91,-1222,-734,-3696,1770,-5217,-955,-1913,-1001,-460,-279,1222,881,-1669,-3660,-2973,-1326,-4053,-2936,-1425,-2392,-4057,-2906,-2909,374,-431,-5801,-2759,-2895,2158,-1307,284,-4153,-3822,-7515,-3386,-4313,-2956,-8578,-3300,-6814,-3962,-5016,-5168,-4368,-5352,-3520,-7438,-3908,-4923,-3786,-5721,-1140,-3313,294,-3755,728,-3065,2135,-5283,4579,-3158,1582,10,832,-2867,3697,-1519,2479,-2917,808,-2265,-192,915,1466,1279,1302,-3540,568,-262,-2376,-487,-3305,-2613,-557,1046,-1052,2298,234,-1986,-3541,74,-771,-3162,-5277,-4154,-4019,-1114,-2999,-2554,-6019,893,-2400,-93,-1626,880,-2754,2324,-2782,1386,44,-2018,-1240,757,-4379,599,-2789,-948,141,-3056,-2565,-966,-1783,-3682,-351,-2793,-1620,-479,-1454,1310,100,-1372,-1310,-1322,-1007,1752,-915,1170,-1942,2520,-1550,-90,-5357,1048,-4691,-2969,22,-5873,-270,-1417,-1859,-2117,439,-6107,-2130,-3229,-4048,-5378,-2355,-7942,9,-1632,-3305,-1840,-5283,468,-4075,-472,-1697,-2374,-3630,-2492,-5292,-1834,-1966,-1656,-736
a_ntt[1],-4256,5243,-3944,7163,-4395,7300,-3825,5790,-3229,1873,-1917,4673,-4668,6508,-4054,4194,-2827,2875,-2785,2685,-3337,1642,-5067,2406,-1651,5202,-3925,1866,1337,2750,-1169,630,-3132,2887,-1594,1255,-1314,4799,1620,3983,-1220,2569,-4126,3625,490,3425,-2180,2873,-2683,440,-3803,1742,-5163,2215,-2831,5567,-3737,6006,-1781,5100,-5713,3128,-4257,2594,1030,4027,10,6425,305,5351,3455,4089,3141,7930,1035,5116,3119,8371,5169,8979,-1216,6590,798,3994,341,7065,-115,7151,2692,5225,-580,6351,-1573,3918,-779,3786,-4252,5855,-2964,6479,-2537,7000,-1939,5734,-3077,5573,-4775,6887,-5085,3816,-6131,3208,140,5799,-262,2667,2445,1904,669,2314,-1894,1656,-222,354,-4193,1324,-2339,2374,1696,1918,758,2686,-1866,6330,1280,3458,5034,2401,2480,-277,2496,-381,3538,2689,3082,-1318,4736,232,914,2452,3700,1438,-1078,1377,2122,2539,681,3500,2475,5180,915,3916,4095,7288,3077,6439,749,7137,1667,3857,-491,3999,-56,4016,-148,4388,2130,2346,2186,746,5096,867,2292,3873,3356,3983,1426,3639,360,2129,-1902,4881,-2612,-4793,-3154,-2873,-2804,440,-3602,-2810,-1384,652,-50,264,-1754,1157,24,-245,-606,1790,2766,4244,294,996,874,2394,1794,852,-1308,-78,-284,-822,1790,-2272,4186,-612,1420,-134,-282,-2046,-180,-776,-2182,876,-1312,1152,1685,3508,-1351,216,110,1494,-32,2644,3635,-1303,1019,437,3594,3511,5234,6165,3481,3947,5359,2377
a_ntt[2],-3260,900,-5118,-652,-4081,2049,-5445,4447,-3527,-1808,-3657,-594,377,204,-2065,214,-5714,4091,-7142,2675,-4862,4389,-5834,2317,-4873,590,-3057,1124,-6270,1569,-6352,3349,-1530,1477,1652,4163,2464,3996,-494,4312,-4198,8648,-946,5498,1010,7281,-974,4265,-356,-36,-3650,-28,-2206,1876,-5096,2140,-4369,3338,-5475,524,-2212,3655,-884,2075,614,879,2600,-2067,4254,-415,4924,863,3443,-2529,625,-4085,4138,-3200,2314,-2942,403,74,703,572,-928,605,1190,545,-344,2278,-3372,-954,-908,-853,1144,-1619,-1513,-3455,-4339,-2389,-2018,-401,-4906,-739,-3381,-3633,-1529,-2791,315,-2555,291,-1997,1047,1666,-2045,1790,1616,-60,-906,-1060,793,2394,-1523,962,1299,323,639,2361,-2028,1852,-1294,-404,-592,-1456,-434,-1924,1333,-838,-1125,-3862,-2015,-4821,-973,-4755,-1326,-221,-838,-845,215,-1860,-263,290,-3335,2079,-4035,855,-3002,5357,-336,2201,-2715,-2020,-3699,826,-4162,982,-3624,3692,-182,3335,-2388,2113,-1657,2176,-2789,1408,-5340,-1189,-5828,461,-3521,-221,-2595,-3023,-5588,-1335,-4126,1803,-6234,4156,-7456,2772,-2331,5105,-2129,2271,1482,3860,-486,4564,-308,6121,1024,4531,-3802,1113,-2074,3459,-1760,741,-3708,3047,-2037,2407,-1039,2425,-1900,346,-1474,2674,-3993,1010,-2841,-1802,-3630,2948,-6236,2864,-3886,427,-6528,-339,-8038,248,-5548,3326,-4267,1672,-7475,3342,-5298,2351,-5132,-545,-4329,1320,-3733,4150,-3121,4104,-2991,5696,-237,2092,-1151,3224
b_ntt[0],-3842,803,-2468,1943,-727,4173,-1459,1737,2626,4086,440,3670,-101,2137,-2021,1507,-2618,556,-4690,-2254,-1949,-1264,-2191,954,-1770,-576,-4334,1228,-5286,-499,-2538,-617,808,1354,3560,1544,-167,3992,-1573,2814,1499,-2395,-1359,-949,429,1829,1851,1027,-1844,1106,-1512,2376,-1073,1129,81,501,-929,-1473,845,-2671,720,-507,232,963,-1737,1911,-2531,-475,1029,-1052,415,-2452,-994,2202,1312,690,1578,2038,-1016,3354,-2306,-370,-1408,1032,-660,-85,-4010,-257,-4949,-3807,-4689,-1657,-2085,-4361,-1325,-1799,-2160,-401,298,259,-2245,-453,-1485,-993,-1703,368,-4969,-1452,-3711,-2559,-6633,-353,-5602,-2252,-4992,-3088,-7515,-474,-4655,1106,-4656,-1687,-7000,-1039,-1559,-5691,-4437,-2379,3908,3003,3558,1283,2936,1157,2566,-2159,2666,2682,3124,-72,5154,-2676,2440,-450,2054,-397,-974,1135,2438,-2069,-198,-2949,-1227,2528,-63,454,-2151,755,-471,655,-774,-1486,-1486,-1528,-521,-1813,-1379,-445,649,978,1383,38,-3256,-1102,88,-4226,2699,-3481,2721,-4829,3225,-4244,311,-3878,219,-3880,-2217,-2446,389,-1982,2941,-684,34,968,-98,3600,-2117,-52,-43,2364,-320,2923,-292,1703,-2446,1519,-2110,-849,422,1,-1858,287,632,452,-308,1640,1333,-1748,-1591,-838,2612,3322,3366,692,-257,-2269,-2499,-1395,-894,771,734,2081,-752,2130,-844,5098,3091,1455,1509,1065,-3512,-999,-376,-245,884,106,-2184,-266,-3806,-1805,-6462,879,-2210,1360,-4246,-1678
b_ntt[1],1226,-317,1796,1613,2596,4920,1578,3096,3720,943,2486,-365,72,2167,3118,1631,6476,-491,3684,-1247,5851,-2545,5065,-133,4624,-3172,3914,-474,-513,1026,2595,836,6652,6870,5540,8110,4545,6005,1315,3467,7341,4709,6465,3505,9310,2580,6176,3162,2645,627,5183,-1821,3810,2198,2166,1668,4716,3234,1264,3174,3212,773,1020,2747,-1303,3445,-931,4327,403,2695,1939,749,5189,5670,3487,5196,142,5177,3386,3917,-1020,4870,-2230,2824,-43,2744,813,1270,1919,2307,167,497,847,3303,-1117,3137,5657,1073,3747,-2307,2097,3690,3015,1400,6985,1776,4399,1978,5699,2434,4505,-268,5833,-561,2509,1189,5763,-156,2431,-1212,3319,3785,215,1517,2909,1241,4949,-1659,2635,5282,979,4716,2439,990,2171,3008,2661,5677,5401,7753,4209,5893,6081,5937,-1928,8320,196,6488,2116,9971,2516,7681,4645,5350,3531,3918,580,6241,3272,6455,6527,9084,3357,6982,4883,5178,2593,6316,6451,3395,9149,4641,6955,3308,5085,4080,4887,5486,7209,3850,2310,4747,4786,2961,1271,2891,1891,5299,4363,3872,1787,1750,2925,3442,1957,420,3368,6037,4838,3089,4566,4463,6898,6413,1365,6161,4579,6631,-326,391,-2370,613,-350,4388,2410,2548,3710,3512,2518,592,602,2252,1998,-552,1402,4016,604,5224,-1018,4318,1116,6038,-187,3462,1955,1700,-1524,3916,-572,3558,3996,7322,2654,6134,2608,5528,1338,2552,-203,6248,2859,9594,2772,6141,-360,7385
b_ntt[2],1229,3861,213,927,3300,-1801,2426,1353,5141,-410,1891,-2724,5745,-1859,5791,-3451,480,-3622,2436,-2810,30,-2843,1822,-1941,-1101,-3964,-505,-2076,-1124,-2949,-1102,-443,-1221,-3291,-5,-2207,-2466,-1003,744,-891,2169,-5033,-847,-7933,-534,-4275,64,-3279,-464,178,628,-1712,-2501,-1768,533,30,-1346,-5353,-1692,-4291,-1150,-3640,-2040,-412,-2704,-4576,-984,-5754,2381,-2193,167,-1629,2560,-880,1684,-3682,-687,-3638,79,-1936,-586,2310,-614,26,-126,2960,278,-252,469,278,-1841,-2924,388,1008,-2752,-2382,1833,3752,3291,1086,619,2045,1121,-347,5882,1892,5134,618,1642,-1168,4374,1746,1788,-2747,-374,-3123,435,-885,-1677,-3937,-173,2449,1027,131,2717,-1855,3161,951,2773,4343,5669,2825,6359,2199,7219,2277,1749,589,2771,835,2479,2430,3661,-34,5211,2997,6205,2087,4070,192,3114,-864,5704,-3971,4606,-1563,1127,1161,3155,-687,6897,-939,4457,-1669,974,392,3804,-1412,5647,932,2957,-1614,2043,-3713,853,-3033,5758,1838,4766,-50,3813,311,2503,1725,1941,380,1845,-992,4208,-3268,4382,-248,1688,3157,4578,3065,5439,4418,2603,5384,5343,6941,2915,4721,1620,3067,766,3295,-1500,924,2030,764,-736,-2324,-2630,648,2339,-40,829,998,3996,1541,2672,3633,-1123,7534,877,5846,1511,4133,2511,6091,-3467,4517,-3233,2837,-2260,3555,-312,4935,627,4927,1581,2213,3742,5712,3326,4532,1691,3942,-1399,4556,576,3947,-216,1123
b_cache[0],335,259,-16,1232,-1426,937,1613,-572,1355,1266,1603,-639,396,12,385,-416,269,-1659,536,-618,-1555,1054,45,397,557,1404,625,-1560,-209,214,1635,-972,-1329,-22,886,188,-627,-248,727,-1448,-945,1413,-1024,1647,732,694,73,205,-362,-184,-218,1492,1315,-203,1152,727,468,-216,819,-1418,628,-1184,653,257,-389,-1582,-1085,1172,345,188,-1268,885,930,487,-745,119,397,-95,258,1121,1657,-288,899,-1192,-1141,1154,1365,-87,536,-734,-649,-1608,-534,-312,-1332,-61,1137,-872,-191,-1513,-497,-535,522,-1124,1143,1530,-268,-589,-347,-1521,456,-576,1028,-1348,-997,1210,149,578,-855,-644,-633,955,1513,-1605,495,1071,-80,-882
b_cache[1],1269,-789,-1529,816,484,-261,1187,523,-1478,662,902,-382,-316,-742,69,-796,-902,1467,-548,-1166,340,-1539,-1409,-1037,1294,-1530,-1608,-888,-131,1265,718,743,1137,1525,-1428,-1540,880,-507,375,32,-68,615,-977,-613,1579,-395,47,-91,-1140,-906,938,1259,412,6,-42,816,1583,661,1618,-535,-965,-418,-150,1468,911,132,1313,-1380,-897,-85,160,1307,727,499,-836,-1020,-611,720,-191,1035,-1137,-1525,598,-759,-77,421,748,752,103,1662,-133,50,-1512,-1009,375,1256,597,786,984,-911,929,-1135,-585,1070,827,-1569,-186,1334,-1512,-1603,1201,-291,1219,-770,228,-914,-433,53,1474,718,-469,412,-866,130,11,-1740,1597,-1328
b_cache[2],-943,886,965,-495,658,159,-900,265,-265,-708,-1496,-1495,-1436,-595,-1454,1266,278,377,-128,1594,-1433,-1278,-704,-1663,1408,-709,-103,-1429,-303,871,215,1567,261,-1514,1309,-353,-847,-867,-187,1344,-1208,-1416,1586,216,20,857,-1310,-1233,1046,-1080,-662,-1413,139,-1358,518,-1540,494,-1193,-936,-587,519,1511,-602,-384,1598,-624,-120,642,1353,224,1450,-377,-1327,-310,45,-1462,-193,921,-1001,1584,543,-210,-1454,1013,1132,1446,-1065,-1029,-349,-1578,1363,1014,1631,-543,-1558,815,417,1218,735,-314,863,1625,837,1594,839,-1054,229,1651,-1143,278,436,305,435,84,-949,1430,-789,-125,-476,-1390,-497,1157,-124,1264,-122,-641,-428,1241
r_basemul[0],619,-1184,-1712,1377,470,1295,-258,-1031,681,1074,-89,866,-1032,1060,561,-695,-1598,2211,-1125,1642,216,1567,-1550,-127,567,526,517,-255,764,1604,-1280,-923,-281,-1034,-337,-1978,-1176,987,-1429,-1019,680,-48,-1511,1776,-597,-538,-728,1108,164,-1233,228,837,349,112,439,276,117,199,737,1691,-1440,-1051,-1560,214,-108,514,1536,1281,-966,-1378,-1169,-133,-746,541,-464,1613,-1126,-895,816,1819,-354,667,93,-1483,384,777,-1269,-655,1394,-480,-1371,-345,-727,-1124,-314,-1396,450,-1223,-637,2,-16,-1323,254,-399,418,-501,-564,568,-2014,1699,-1731,-814,872,1544,1809,-20,1608,-342,517,-974,-1415,1477,480,-393,797,987,-19,1542,-109,-1147,-1042,812,-687,-591,-928,1371,-658,989,149,-366,-1557,1857,2001,-768,-1392,149,-1449,1702,-1192,586,656,586,-1138,-535,892,849,-29,-884,858,522,-814,-779,-966,417,-206,-912,-1731,-864,64,-710,-1717,762,1297,2088,821,1068,1152,1079,-917,-1037,494,916,580,-292,-1788,612,-712,-1055,-478,-469,-1316,-219,-115,678,-1829,-867,1599,307,-1607,30,1361,-137,937,-780,-999,456,-1243,658,-125,-192,-1500,-1377,598,542,474,-1600,1124,-485,1332,667,520,-1375,-972,-161,-579,-387,-1126,-390,-1613,248,-1473,-1438,334,-1526,1324,-465,689,-699,-1161,-867,-615,541,-1675,-356,795,612,-885,-772,22,1076,304,2146,1952,1075,842,2024
r_invntt[0],930,502,1381,1588,145,1502,738,-360,1654,-1576,539,-1124,1576,-53,-1130,-2,-685,709,276,-1181,-1484,-255,806,997,-925,-263,1509,-1289,-313,720,-1292,886,1102,-95,-1663,1164,-1422,521,335,1432,-842,1121,-1091,-1525,-1467,-721,1248,1167,-712,-646,695,1039,208,357,-1296,1381,808,-991,-690,1024,699,-569,-750,-275,-1081,-1472,-150,175,-198,-1447,-888,1349,-1391,-209,1458,1308,742,-1498,543,401,557,135,679,1228,-1206,-500,1183,-1245,278,1607,-248,-589,1307,-1651,1072,902,340,-988,1025,-1120,1053,-37,374,1126,-7,312,-430,-698,893,819,-105,-1351,41,-1623,1181,1431,364,1628,539,1332,1499,1014,-32,1654,868,289,-683,-617,-1384,518,774,1149,810,348,-1204,-1278,973,493,-87,1086,-1215,-794,155,-399,-716,-883,-461,-78,1502,519,-102,-938,-944,-69,-1540,203,-1210,-488,1578,-1528,1158,694,1265,-1528,1014,-1174,-1074,-47,1302,66,1319,-746,1044,1560,1531,-346,1341,-827,-141,1249,312,-448,1575,127,959,-1267,614,-880,-75,-631,889,-1330,-1073,-56,196,1653,-1318,1310,1443,-649,274,-424,1227,-919,-213,1580,-364,-1170,1380,-857,-468,-1228,70,21,-718,459,81,-506,-921,1455,1486,1482,-550,1662,-479,1579,-554,1001,-435,-1337,-496,1336,611,1374,1488,1148,354,1423,-248,-1417,-858,-262,-1623,-488,-1635,-992,552,-810,-224,665,-1621,165,823,-158,507,-174
